34450424
33743022
33869526
34508771
32804879
33415891
33482176
33600381
33641910
33470139
32960776
33419519
34455389
33867937
33734026
33848636
33890889
32805671
33413005
34549785
34056406
33794500
32646042
33471683
33536589
33558972
33646886
33916849
34060005
34444467
34763310
32976028
33079087
33126895
33512373
33518519
33881039
33655933
33738157
33941703
34121359
33691926
33502011
33846941
33908737
33916265
34139013
32698017
33689668
33923493
34130301
32865866
33888511
33918277
34187154
33013506
34145362
34503539
34752645
33444033
33537634
33572041
33710215
32703321
32952749
33041038
33198745
33311099
33472824
33647461
33932262
34077197
34084980
34460666
34525268
34819651
32686601
32975588
33031038
33436270
33566706
33654811
33882276
33908680
34407381
34430342
34485906
34759439
32698903
32794104
33314220
33518102
34626172
33350569
33447188
33671684
33680372
33742089
34792038
32642729
32690120
33641505
33671687
33854503
32828103
32958097
33300861
34686292
32703124
33108726
33345710
33445821
34065541
32693804
33141502
33457734
33485291
33535001
33600465
33642605
33673684
33867399
33947791
33464558
33537214
33562629
33661636
33890331
34279092
34566491
34347646
34717935
33134312
34684527