32642729
32646042
32686601
32690120
32693804
32698903
32698017
32703124
32703321
32794104
32805671
32804879
32828103
32865866
32952749
32960776
32958097
32976028
32975588
33013506
33031038
33041038
33079087
33108726
33126895
33134312
33141502
33198745
33300861
33311099
33314220
33345710
33350569
33413005
33415891
33419519
33436270
33444033
33445821
33447188
33457734
33464558
33470139
33472824
33471683
33482176
33485291
33502011
33512373
33518519
33518102
33535001
33536589
33537214
33537634
33558972
33562629
33566706
33572041
33600381
33600465
33641910
33641505
33642605
33646886
33647461
33655933
33654811
33661636
33671684
33671687
33673684
33680372
33689668
33691926
33710215
33734026
33738157
33742089
33743022
33794500
33846941
33848636
33854503
33867399
33867937
33869526
33882276
33881039
33888511
33890889
33890331
33908680
33908737
33916265
33916849
33918277
33923493
33932262
33941703
33947791
34056406
34060005
34065541
34077197
34084980
34121359
34130301
34139013
34145362
34187154
34279092
34347646
34407381
34430342
34444467
34450424
34455389
34460666
34485906
34503539
34508771
34525268
34549785
34566491
34626172
34684527
34686292
34717935
34752645
34759439
34763310
34792038
34819651
