34121359
33941703
33738157
33655933
33691926
33846941
33916265
33908737
33502011
34139013
33444033
33537634
33572041
33710215
33041038
32952749
33472824
34084980
34525268
33198745
34819651
32703321
33311099
33647461
34460666
33932262
34077197
32698017
33689668
33923493
34130301
33888511
34187154
32865866
33918277
34752645
33013506
34145362
34503539
33482176
33641910
33600381
32804879
33415891
33470139
34455389
32960776
33419519
33867937
33890889
33734026
33848636
32805671
33794500
33558972
34060005
33536589
33916849
34763310
32646042
34444467
33471683
33646886
33881039
33079087
32976028
33512373
33126895
33518519
34407381
33882276
34759439
33031038
33654811
34430342
33908680
33566706
33436270
34485906
32975588
32686601
32794104
33314220
32698903
34626172
33518102
34450424
33869526
33743022
34508771
33345710
34065541
33445821
33108726
32703124
33457734
33867399
33947791
33485291
33600465
33642605
33673684
32693804
33535001
33141502
33413005
34549785
34056406
33350569
33447188
33671684
33680372
34792038
33742089
33854503
32642729
33641505
32690120
33671687
34686292
32828103
33300861
32958097
33464558
33562629
34566491
34279092
33537214
33890331
33661636
34717935
34347646
34684527
33134312